20251028
20251029
20251030
20251031
20251101
20251102
20251103
20251104
20251105
20251106
20251107
20251112
20251113
20251114
20251117
20251118
20251119
20251120
20251121
20251124
20251125
20251126
20251127
20251201
20251202
20251203
20251204
20251205
20251208
20251209
20251210
20251211
20251212
20251215
20251216
20251217
20251218
20251219
20251222
20251223
20251224
20251225
20251229
20251230
20260101
20260105
20260106
20260107
20260108
20260109
20260112
20260113
20260114
20260115
20260116
20260119
20260121
20260122
20260123
20260126
20260127
20260128
20260129
20260130
20260202
20260203
20260204
20260205
20260206
20260209
20260210
20260211
20260212
20260213
20260216
20260217
20260218
20260219
20260220
20260223
20260224
20260225
20260226
20260227
20260302
20260303
20260304
20260305
20260306
20260309
20260310
20260311
20260312
20260313
20260316
20260317
20260318
20260319
20260320
20260323
20260324
20260325
20260326
20260327
20260330
20260331
20260401
20260402
20260403
20260406
20260407
20260408
20260409
20260410
20260413
20260414
20260415
20260416
20260417
20260420
20260421
20260422
20260423
20260424
20260427
20260428
20260429
20260430
20260501
20260504
20260505
20260506
20260507
20260508
20260511
20260512
20260513
20260514
20260515
20260518
20260519
20260520
20260521
20260522
20260525
20260526
20260527
20260528
20260529
20260601
20260602
20260603
20260604
20260605
20260608
20260609
20260610
20260611
20260612
20260615
